; P-Channel BSim3 Model
 
model bsim3Pch MOSFET PMOS=yes Idsmod=8 \
    Tnom=27 \
    Nch=2.498e+17 \
    Lint=9.36e-08 Wint=1.47e-07 \
    Vth0=0.6322 K1=0.756 K2=-0.0383 K3=-2.612 \
    Dvt0=2.812 Dvt1=0.462 Dvt2=-0.0917 \
    W0=1.163e-06 \
    K3b=2.233 \
    Vsat=86301.58 Ua=6.47e-09 Ub=4.23e-18 Uc=-4.706281e-11 \
    Rdsw=650 U0=388.3203 Wr=1 \
    A0=0.3496967 Ags=0.1 B0=0.546 B1=1 \
    Dwg=-6e-09 Dwb=-3.56e-09 Prwb=-0.213 \
    Keta=-0.03605872 A1=0.02778747 A2=0.9 \
    Voff=-0.06735529 Nfactor=1.139926 Cit=0.0001622527 \
    Cdsc=-2.147181e-05 \
    Cdscb=0 Dvt0w=0 Dvt1w=0 Dvt2w=0 \
    Cdscd=0 Prwg=0 \
    Eta0=0.010281729 Etab=-0.005042203 \
    Dsub=0.31871233 \
    Pclm=1.114846 Pdiblc1=0.00245357 Pdiblc2=0.006406289 \
    Drout=0.31871233 Pscbe1=5000000 Pscbe2=5e-09 Pdiblcb=-0.234 \
    Pvag=0 Delta=0.01 \
    Wl=0 Ww=-1.420242e-09 Wwl=0 \
    Wln=0 Wwn=0.2613948 Ll=1.300902e-10 \
    Lw=0 Lwl=0 Lln=0.316394 \
    Lwn=0 \
    Kt1=-0.3 Kt2=-0.051 \
    At=22400 \
    Ute=-1.48 \
    Ua1=3.31e-10 Ub1=2.61e-19 Uc1=-3.42e-10 \
    Kt1l=0 Prt=764.3 
